Frame_0.png -152,8854 -293,778 -317,7528 0,5664307 0,08449064 2,647697
Frame_1.png -150,8734 -294,3629 -318,4436 0,5678979 0,08347358 2,65476
Frame_2.png -148,5844 -295,016 -319,2289 0,5695583 0,0823157 2,662778
Frame_3.png -146,7096 -295,5416 -319,8716 0,5709107 0,08136754 2,66933
Frame_4.png -144,843 -296,0546 -320,5108 0,5722609 0,0804235 2,675844
Frame_5.png -142,4173 -296,7083 -321,3409 0,5740111 0,07919654 2,684291
Frame_6.png -140,6431 -297,179 -321,9474 0,5752823 0,07829897 2,690454
Frame_7.png -138,9059 -297,6321 -322,5407 0,5765277 0,07742067 2,69648
Frame_8.png -136,8398 -298,1614 -323,2458 0,5780095 0,0763761 2,703639
Frame_9.png -135,2103 -298,5739 -323,8013 0,5791696 0,07555263 2,70927
Frame_10.png -133,5887 -298,9783 -324,3537 0,5803253 0,07473343 2,71487
Frame_11.png -131,6546 -299,4527 -325,0118 0,5817031 0,07375744 2,721535
Frame_12.png -130,0738 -299,8382 -325,549 0,5828198 0,07296017 2,726976
Frame_13.png -128,5459 -300,2032 -326,0679 0,5839064 0,07218988 2,732228
Frame_14.png -126,6898 -300,6444 -326,6974 0,5852154 0,07125542 2,738599
Frame_15.png -125,2029 -300,9929 -327,2012 0,5862646 0,07050745 2,743694
Frame_16.png -123,7578 -301,3287 -327,6902 0,5872823 0,06978159 2,748641
Frame_17.png -122,0097 -301,7318 -328,2811 0,5885106 0,06890451 2,754619
Frame_18.png -120,5974 -302,0525 -328,7581 0,589504 0,06819674 2,759439
Frame_19.png -119,2179 -302,367 -329,223 0,5904675 0,06750708 2,764143
Frame_20.png -117,5681 -302,7367 -329,7788 0,5916246 0,06668296 2,769762
Frame_21.png -116,2515 -303,0344 -330,2213 0,592538 0,06602775 2,77424
Frame_22.png -114,9444 -303,3235 -330,6605 0,593453 0,06537697 2,778682
Frame_23.png -113,4126 -303,6665 -331,174 0,5945144 0,06461834 2,783881
Frame_24.png -112,1742 -303,9388 -331,5889 0,5953778 0,0640044 2,78808
Frame_25.png -110,9778 -304,2055 -331,9889 0,5962043 0,06341458 2,79213
Frame_26.png -109,547 -304,5207 -332,4668 0,5971972 0,06270958 2,796973
Frame_27.png -108,3895 -304,7785 -332,8524 0,5979944 0,06214264 2,800884
Frame_28.png -107,248 -305,032 -333,2324 0,5987812 0,06158432 2,804739
Frame_29.png -105,8185 -305,3475 -333,7075 0,599768 0,06088703 2,809558
Frame_30.png -104,7351 -305,5915 -334,0666 0,6005101 0,06036178 2,81321
Frame_31.png -103,6339 -305,8349 -334,4315 0,6012697 0,05982788 2,816916
Frame_32.png -102,3254 -306,1333 -334,8634 0,6021628 0,05919906 2,821318
Frame_33.png -101,1212 -306,4054 -335,2607 0,6029873 0,05862188 2,825362
Frame_34.png -100,0998 -306,6363 -335,5971 0,6036875 0,05813381 2,828789
Frame_35.png -98,88219 -306,9211 -335,9963 0,6045141 0,05755819 2,832872
Frame_36.png -97,89369 -307,1482 -336,3206 0,6051896 0,05709013 2,836182
Frame_37.png -96,94797 -307,3723 -336,6295 0,6058307 0,05664754 2,839345
Frame_38.png -95,81279 -307,6456 -336,9993 0,6065981 0,05611959 2,843139
Frame_39.png -94,88896 -307,8644 -337,3003 0,6072271 0,05569008 2,846225
Frame_40.png -94,00419 -308,0829 -337,587 0,6078245 0,05528444 2,849178
Frame_41.png -92,91954 -308,3564 -337,9376 0,6085539 0,05479104 2,852793
Frame_42.png -92,05446 -308,5714 -338,2172 0,6091388 0,05439787 2,855674
Frame_43.png -91,20627 -308,7869 -338,4903 0,6097109 0,05401558 2,858496
Frame_44.png -90,23299 -309,0486 -338,8016 0,6103601 0,05358569 2,861731
Frame_45.png -89,40226 -309,2693 -339,0673 0,6109174 0,05321916 2,86449
Frame_46.png -88,61398 -309,4762 -339,3194 0,6114485 0,05287141 2,867104
Frame_47.png -87,7039 -309,7356 -339,6075 0,6120531 0,0524818 2,87012
Frame_48.png -86,94737 -309,9548 -339,8463 0,6125556 0,05216094 2,872627
Frame_49.png -86,21805 -310,1638 -340,0766 0,6130415 0,05185169 2,875037
Frame_50.png -85,32506 -310,418 -340,3583 0,6136395 0,05147402 2,877989
Frame_51.png -84,65878 -310,633 -340,5651 0,6140767 0,05120705 2,880189
Frame_52.png -84,00126 -310,8434 -340,769 0,6145093 0,05094358 2,882358
Frame_53.png -83,19533 -311,099 -341,0191 0,615042 0,0506208 2,885012
Frame_54.png -82,54286 -311,3042 -341,2217 0,6154754 0,05035958 2,887161
Frame_55.png -81,94385 -311,5153 -341,4044 0,6158668 0,05013329 2,88913
Frame_56.png -81,22586 -311,7788 -341,6217 0,6163343 0,04986959 2,891489
Frame_57.png -80,64864 -311,9891 -341,7964 0,6167107 0,04965783 2,893382
Frame_58.png -80,08355 -312,1938 -341,9675 0,6170812 0,04945089 2,895236
Frame_59.png -79,37557 -312,4482 -342,1819 0,617546 0,0491906 2,897553
Frame_60.png -78,86598 -312,6576 -342,3325 0,6178756 0,04902023 2,899219
Frame_61.png -78,31651 -312,9007 -342,4923 0,6182275 0,04884794 2,901012
Frame_62.png -77,71304 -313,1664 -342,6678 0,6186159 0,0486589 2,902982
Frame_63.png -77,22962 -313,378 -342,8084 0,6189272 0,04850734 2,904557
Frame_64.png -76,74963 -313,587 -342,9481 0,6192369 0,04835701 2,906118
Frame_65.png -76,14201 -313,8503 -343,1249 0,6196303 0,04816718 2,908093
Frame_66.png -75,71423 -314,0788 -343,2432 0,6199017 0,04806121 2,909482
Frame_67.png -75,3274 -314,3051 -343,3473 0,6201438 0,04797849 2,910734
Frame_68.png -74,83799 -314,5905 -343,4789 0,6204515 0,04787314 2,912319
Frame_69.png -74,43364 -314,8253 -343,5878 0,6207055 0,04778809 2,913626
Frame_70.png -74,04624 -315,0493 -343,6919 0,620949 0,04770539 2,914874
Frame_71.png -73,5631 -315,3279 -343,8221 0,6212537 0,04760167 2,916431
Frame_72.png -73,17649 -315,55 -343,9261 0,6214976 0,04751995 2,917676
Frame_73.png -72,78642 -315,7731 -344,0311 0,6217442 0,0474369 2,918929
Frame_74.png -72,68736 -316,1195 -344,0144 0,6217884 0,04761732 2,919228
Frame_75.png -72,64117 -316,402 -343,9884 0,6218018 0,04778591 2,91936
Frame_76.png -72,59499 -316,6842 -343,9625 0,6218151 0,04795414 2,919493
Frame_77.png -72,53514 -317,0492 -343,9287 0,6218323 0,04817104 2,919664
Frame_78.png -72,48858 -317,332 -343,9026 0,6218447 0,0483404 2,919793
Frame_79.png -72,44157 -317,6164 -343,8763 0,6218579 0,04850893 2,919926
Frame_80.png -72,38379 -317,9663 -343,8439 0,621874 0,04871853 2,920089
Frame_81.png -72,33669 -318,2504 -343,8175 0,6218871 0,04888795 2,920221
Frame_82.png -72,28936 -318,5359 -343,791 0,6219 0,04905754 2,920353
Frame_83.png -72,23035 -318,8914 -343,7579 0,6219164 0,04927037 2,920519
Frame_84.png -72,18288 -319,1761 -343,7313 0,6219294 0,04944 2,920652
Frame_85.png -72,13456 -319,4662 -343,7042 0,6219425 0,04961238 2,920786
Frame_86.png -72,07254 -319,8367 -343,6695 0,6219593 0,04983386 2,920959
Frame_87.png -72,02149 -320,1416 -343,6408 0,6219734 0,05001574 2,921102
Frame_88.png -71,97392 -320,4247 -343,6142 0,621986 0,05018445 2,921232
Frame_89.png -71,90821 -320,8147 -343,5775 0,6220036 0,05041739 2,921414
Frame_90.png -71,85896 -321,1069 -343,5499 0,622017 0,05059206 2,92155
Frame_91.png -71,81069 -321,3924 -343,5229 0,6220297 0,05076243 2,921683
Frame_92.png -71,7499 -321,7511 -343,489 0,6220459 0,05097688 2,92185
Frame_93.png -71,70179 -322,0352 -343,462 0,6220586 0,05114646 2,921982
Frame_94.png -71,65287 -322,3227 -343,4347 0,6220716 0,05131766 2,922117
Frame_95.png -71,59066 -322,6882 -343,3998 0,6220877 0,05153614 2,922285
Frame_96.png -71,54166 -322,9753 -343,3725 0,6221008 0,05170798 2,92242
Frame_97.png -71,49238 -323,2634 -343,3449 0,6221134 0,05187963 2,922553
Frame_98.png -71,43078 -323,6228 -343,3106 0,6221292 0,05209411 2,922719
Frame_99.png -71,38021 -323,9172 -343,2823 0,6221427 0,05227001 2,922858
Frame_100.png -71,33058 -324,2053 -343,2547 0,6221554 0,05244308 2,922992
Frame_101.png -71,26871 -324,5644 -343,2202 0,6221715 0,05265702 2,92316
Frame_102.png -71,21868 -324,8536 -343,1922 0,622184 0,0528301 2,923294
Frame_103.png -71,16787 -325,1478 -343,1638 0,6221972 0,05300546 2,923431
Frame_104.png -71,10197 -325,5276 -343,1271 0,6222139 0,05323318 2,923608
Frame_105.png -71,05117 -325,8192 -343,0989 0,6222265 0,05340757 2,923743
Frame_106.png -71,00002 -326,1133 -343,0703 0,6222394 0,05358343 2,92388
Frame_107.png -70,93683 -326,4755 -343,0351 0,6222553 0,05380054 2,924048
Frame_108.png -70,88605 -326,7655 -343,0069 0,622268 0,05397277 2,924183
Frame_109.png -70,83522 -327,0562 -342,9785 0,6222805 0,05414762 2,924318
Frame_110.png -71,23016 -327,5197 -342,7613 0,621991 0,05472073 2,923017
Frame_111.png -71,60464 -327,8977 -342,5651 0,6217223 0,05521962 2,921792
Frame_112.png -71,98164 -328,2767 -342,3677 0,6214532 0,05572201 2,920559
Frame_113.png -72,44201 -328,7376 -342,1267 0,621128 0,05633253 2,919063
Frame_114.png -72,8102 -329,1044 -341,934 0,6208684 0,05681891 2,917865
Frame_115.png -73,18164 -329,4731 -341,7398 0,620609 0,05730794 2,916662
Frame_116.png -73,68281 -329,9362 -341,4826 0,6202599 0,05794432 2,91504
Frame_117.png -74,20946 -330,3332 -341,2259 0,6198929 0,05855362 2,91334
Frame_118.png -74,81619 -330,7877 -340,9305 0,619474 0,05925279 2,911388
Frame_119.png -75,49757 -331,2949 -340,5987 0,6190073 0,06003466 2,909202
Frame_120.png -76,05111 -331,7041 -340,3294 0,6186318 0,06066706 2,907429
Frame_121.png -76,6177 -332,1056 -340,056 0,6182474 0,06130234 2,905616
Frame_122.png -77,44724 -332,6203 -339,6664 0,617682 0,06218552 2,902967
Frame_123.png -78,1153 -333,0316 -339,3528 0,6172316 0,06289268 2,900842
Frame_124.png -78,81665 -333,4602 -339,0239 0,6167621 0,06363259 2,898613
Frame_125.png -79,7169 -333,9856 -338,6047 0,6161607 0,06456592 2,895758
Frame_126.png -80,55175 -334,4319 -338,2215 0,6156003 0,06540569 2,893112
Frame_127.png -81,36008 -334,8602 -337,8507 0,6150628 0,06621426 2,890557
Frame_128.png -82,36323 -335,3867 -337,3909 0,6144037 0,06721313 2,887397
Frame_129.png -83,28056 -335,825 -336,9761 0,6137925 0,06810025 2,884503
Frame_130.png -84,22138 -336,2666 -336,5513 0,6131716 0,06900343 2,881544
Frame_131.png -85,39301 -336,8102 -336,0227 0,6124089 0,07012314 2,877872
Frame_132.png -86,44762 -337,2587 -335,552 0,6117114 0,07110569 2,874562
Frame_133.png -87,51694 -337,7078 -335,0749 0,6110137 0,07209741 2,871218
Frame_134.png -88,90585 -338,2707 -334,4574 0,6101116 0,07337136 2,866883
Frame_135.png -90,11263 -338,7318 -333,9239 0,6093243 0,074461 2,863118
Frame_136.png -91,32378 -339,1878 -333,3889 0,6085451 0,07554825 2,859351
Frame_137.png -92,93381 -339,7541 -332,6819 0,6074994 0,0769707 2,854345
Frame_138.png -94,26016 -340,2095 -332,1002 0,6066502 0,07813394 2,850236
Frame_139.png -95,69455 -340,673 -331,4741 0,6057234 0,07937498 2,845788
Frame_140.png -97,52155 -341,2438 -330,6779 0,6045559 0,08094104 2,840142
Frame_141.png -99,22472 -341,7426 -329,9389 0,6034615 0,08238168 2,834879
Frame_142.png -100,8677 -342,2064 -329,2271 0,6024162 0,08375979 2,829818
Frame_143.png -102,954 -342,7625 -328,326 0,6010896 0,08548984 2,823398
Frame_144.png -104,7875 -343,2207 -327,5364 0,5999205 0,08699252 2,817762
Frame_145.png -106,6161 -343,6581 -326,7502 0,5987648 0,08847892 2,812152
Frame_146.png -109,058 -344,2042 -325,7031 0,5972215 0,09044079 2,804672
Frame_147.png -111,4257 -344,6954 -324,6904 0,5957254 0,09232156 2,797427
Frame_148.png -113,6758 -345,1299 -323,73 0,5943069 0,09408958 2,790551
Frame_149.png -116,4693 -345,6281 -322,5402 0,5925517 0,09626117 2,78203
Frame_150.png -118,7925 -346,0093 -321,5525 0,5910986 0,0980494 2,774954
Frame_151.png -121,3243 -346,3888 -320,4782 0,5895127 0,09997772 2,767248
Frame_152.png -124,525 -346,8206 -319,1224 0,5875152 0,1023893 2,75752
Frame_153.png -127,1837 -347,1375 -317,9984 0,5858536 0,104371 2,749444
Frame_154.png -129,9943 -347,4343 -316,8121 0,5841011 0,1064457 2,740916
Frame_155.png -133,5699 -347,7568 -315,305 0,5818776 0,1090571 2,730078
Frame_156.png -136,611 -347,9837 -314,0253 0,579991 0,1112548 2,72087
Frame_157.png -139,8036 -348,1744 -312,6839 0,5780064 0,1135385 2,7112
Frame_158.png -144,2087 -348,3624 -310,8358 0,5752721 0,116654 2,697871
Frame_159.png -147,7726 -348,4524 -309,3427 0,5730656 0,119146 2,68709
Frame_160.png -151,507 -348,4876 -307,7802 0,570753 0,1217311 2,675795
Frame_161.png -156,2347 -348,4463 -305,805 0,5678204 0,1249657 2,661492
Frame_162.png -160,2436 -348,3393 -304,132 0,5653399 0,1276785 2,649362
Frame_163.png -164,467 -348,155 -302,3717 0,5627258 0,1305076 2,636576
Frame_164.png -169,9834 -347,8052 -300,0752 0,5593071 0,1341597 2,619861
Frame_165.png -174,7097 -347,4093 -298,1098 0,5563787 0,1372528 2,605525
Frame_166.png -179,6351 -346,902 -296,0639 0,5533196 0,1404421 2,590561
Frame_167.png -185,9396 -346,1139 -293,4479 0,5494002 0,1444763 2,571369
Frame_168.png -191,4968 -345,2899 -291,145 0,5459331 0,1479898 2,554409
Frame_169.png -197,3362 -344,2949 -288,7273 0,5422823 0,1516414 2,536539
Frame_170.png -204,5677 -342,8797 -285,7359 0,5377525 0,1561112 2,514332
Frame_171.png -210,7545 -341,507 -283,1793 0,5338581 0,1598907 2,49525
Frame_172.png -217,2228 -339,9114 -280,509 0,5297657 0,1638 2,475208
Frame_173.png -225,4612 -337,6413 -277,1108 0,5245288 0,168724 2,449534
Frame_174.png -232,3354 -335,54 -274,2781 0,5201271 0,1727863 2,427968
Frame_175.png -239,3648 -333,1941 -271,3838 0,5155951 0,1769008 2,405762
Frame_176.png -249,7702 -329,3492 -267,1031 0,5088258 0,1829245 2,372582
Frame_177.png -257,3438 -326,265 -263,9903 0,5038456 0,1872632 2,348172
Frame_178.png -265,1414 -322,8307 -260,7874 0,4986662 0,191694 2,32278
Frame_179.png -274,993 -318,1058 -256,744 0,4920393 0,197245 2,29029
Frame_180.png -283,3125 -313,7678 -253,3322 0,4863598 0,2018966 2,262451
Frame_181.png -291,6179 -309,106 -249,9287 0,4806058 0,2065122 2,234252
Frame_182.png -302,1357 -302,7059 -245,6216 0,4731855 0,2123248 2,197889
Frame_183.png -310,7199 -297,0496 -242,1086 0,4670068 0,2170487 2,167609
Frame_184.png -319,2499 -291,0208 -238,62 0,4607437 0,2217305 2,136919
Frame_185.png -329,9513 -282,8433 -234,2461 0,4526912 0,2275975 2,097456
Frame_186.png -338,483 -275,7973 -230,7616 0,4460921 0,2322765 2,065127
Frame_187.png -346,7697 -268,4704 -227,379 0,439512 0,2368316 2,032893
Frame_188.png -356,6922 -259,0156 -223,3302 0,431385 0,2423117 1,993067
Frame_189.png -364,5617 -250,9362 -220,1219 0,4247113 0,2466856 1,960384
Frame_190.png -372,0966 -242,6696 -217,0515 0,4181091 0,2509072 1,928053
Frame_191.png -380,9991 -232,1569 -213,427 0,4099946 0,2559496 1,888335
Frame_192.png -387,9972 -223,2584 -210,5788 0,4033451 0,2599702 1,855778
Frame_193.png -394,4276 -214,5248 -207,963 0,3969866 0,2637187 1,824653
Frame_194.png -402,023 -203,4279 -204,8749 0,3891199 0,2682313 1,786144
Frame_195.png -407,7788 -194,3728 -202,5357 0,3828556 0,2717266 1,755478
Frame_196.png -412,9914 -185,6189 -200,4177 0,376918 0,2749628 1,726405
Frame_197.png -418,8987 -174,9577 -198,0208 0,3698188 0,2787236 1,691674
Frame_198.png -423,2676 -166,4869 -196,2475 0,3642783 0,2815891 1,664549
Frame_199.png -427,3497 -158,0435 -194,5914 0,3588313 0,2843434 1,637883
Frame_200.png -431,8568 -148,0202 -192,7648 0,3524507 0,2874867 1,606659
Frame_201.png -435,2612 -139,8727 -191,385 0,3473287 0,2899515 1,581585
Frame_202.png -438,3297 -132,0195 -190,143 0,3424374 0,292252 1,557651
Frame_203.png -441,6641 -122,8314 -188,793 0,3367701 0,2948599 1,529906
Frame_204.png -444,2358 -115,1806 -187,7521 0,3320909 0,2969651 1,506993
Frame_205.png -446,7107 -107,2495 -186,7504 0,3272739 0,299088 1,4834
Frame_206.png -449,2035 -98,55837 -185,7431 0,3220267 0,3013446 1,457708
Frame_207.png -450,9049 -92,12407 -185,056 0,3181619 0,3029719 1,438782
Frame_208.png -452,4443 -85,86662 -184,4335 0,3144194 0,304523 1,420442
Frame_209.png -454,1238 -78,44465 -183,7557 0,3099934 0,3063192 1,39876
Frame_210.png -455,3303 -72,63311 -183,2683 0,3065389 0,3076969 1,381827
Frame_211.png -456,3913 -67,09425 -182,8407 0,3032507 0,3089843 1,365715
Frame_212.png -457,5302 -60,57829 -182,3823 0,2993885 0,3104695 1,346787
Frame_213.png -458,3816 -55,20488 -182,0387 0,2962086 0,3116739 1,331191
Frame_214.png -459,0829 -50,34706 -181,7564 0,2933344 0,3127444 1,317095
Frame_215.png -459,8091 -44,7664 -181,4638 0,2900337 0,3139556 1,3009
Frame_216.png -460,3137 -40,43978 -181,2605 0,2874741 0,3148808 1,288339
Frame_217.png -460,7505 -36,29113 -181,0834 0,2850207 0,3157595 1,276286
Frame_218.png -461,2087 -31,3443 -180,9003 0,2820874 0,3167874 1,261894
Frame_219.png -461,5174 -27,53208 -180,7753 0,2798274 0,3175733 1,250788
Frame_220.png -461,7834 -23,76052 -180,6687 0,2775866 0,3183402 1,239782
Frame_221.png -462,0413 -19,42683 -180,5652 0,2750074 0,3192118 1,22711
Frame_222.png -462,2066 -16,06233 -180,498 0,273003 0,319883 1,217251
Frame_223.png -462,3348 -12,85327 -180,4471 0,2710849 0,3205146 1,207824
Frame_224.png -462,4523 -8,962224 -180,4005 0,2687537 0,3212738 1,196363
Frame_225.png -462,5147 -5,981544 -180,3749 0,2669652 0,3218519 1,18756
Frame_226.png -462,5514 -3,112911 -180,3596 0,2652396 0,3224042 1,179064
Frame_227.png -462,5648 0,2950031 -180,3543 0,2631822 0,3230536 1,168937
Frame_228.png -462,5527 2,91866 -180,3596 0,2615927 0,3235489 1,161112
Frame_229.png -462,5222 5,510334 -180,3712 0,2600198 0,3240373 1,15336
Frame_230.png -462,5211 5,587446 -180,3715 0,2599731 0,3240519 1,153129
Frame_231.png -462,5211 5,587446 -180,3715 0,2599731 0,3240519 1,153129
Frame_232.png -462,5211 5,587446 -180,3715 0,2599731 0,3240519 1,153129
Frame_233.png -462,5211 5,587446 -180,3715 0,2599731 0,3240519 1,153129
Frame_234.png -462,5211 5,587446 -180,3715 0,2599731 0,3240519 1,153129
Frame_235.png -462,5211 5,587446 -180,3715 0,2599731 0,3240519 1,153129
Frame_236.png -462,5211 5,587446 -180,3715 0,2599731 0,3240519 1,153129
Frame_237.png -462,5211 5,587446 -180,3715 0,2599731 0,3240519 1,153129
Frame_238.png -462,5211 5,587446 -180,3715 0,2599731 0,3240519 1,153129
Frame_239.png -462,5211 5,587446 -180,3715 0,2599731 0,3240519 1,153129
Frame_240.png -462,5211 5,587446 -180,3715 0,2599731 0,3240519 1,153129
Frame_241.png -462,5211 5,587446 -180,3715 0,2599731 0,3240519 1,153129
Frame_242.png -462,5211 5,587446 -180,3715 0,2599731 0,3240519 1,153129
Frame_243.png -462,5211 5,587446 -180,3715 0,2599731 0,3240519 1,153129
Frame_244.png -462,5211 5,587446 -180,3715 0,2599731 0,3240519 1,153129
Frame_245.png -462,5211 5,587446 -180,3715 0,2599731 0,3240519 1,153129
Frame_246.png -462,5211 5,587446 -180,3715 0,2599731 0,3240519 1,153129
Frame_247.png -462,5211 5,587446 -180,3715 0,2599731 0,3240519 1,153129
Frame_248.png -462,5211 5,587446 -180,3715 0,2599731 0,3240519 1,153129
Frame_249.png -462,5211 5,587446 -180,3715 0,2599731 0,3240519 1,153129
Frame_250.png -462,5211 5,587446 -180,3715 0,2599731 0,3240519 1,153129
Frame_251.png -462,5211 5,587446 -180,3715 0,2599731 0,3240519 1,153129
Frame_252.png -462,5211 5,587446 -180,3715 0,2599731 0,3240519 1,153129
Frame_253.png -462,5211 5,587446 -180,3715 0,2599731 0,3240519 1,153129
Frame_254.png -462,5211 5,587446 -180,3715 0,2599731 0,3240519 1,153129
Frame_255.png -462,5211 5,587446 -180,3715 0,2599731 0,3240519 1,153129
Frame_256.png -462,5211 5,587446 -180,3715 0,2599731 0,3240519 1,153129
Frame_257.png -462,5211 5,587446 -180,3715 0,2599731 0,3240519 1,153129
Frame_258.png -462,5211 5,587446 -180,3715 0,2599731 0,3240519 1,153129
Frame_259.png -462,5211 5,587446 -180,3715 0,2599731 0,3240519 1,153129
Frame_260.png -462,5211 5,587446 -180,3715 0,2599731 0,3240519 1,153129
Frame_261.png -462,5211 5,587446 -180,3715 0,2599731 0,3240519 1,153129
Frame_262.png -462,5211 5,587446 -180,3715 0,2599731 0,3240519 1,153129
Frame_263.png -462,5211 5,587446 -180,3715 0,2599731 0,3240519 1,153129
Frame_264.png -462,5211 5,587446 -180,3715 0,2599731 0,3240519 1,153129
Frame_265.png -462,5211 5,587446 -180,3715 0,2599731 0,3240519 1,153129
Frame_266.png -462,5211 5,587446 -180,3715 0,2599731 0,3240519 1,153129
Frame_267.png -462,5211 5,587446 -180,3715 0,2599731 0,3240519 1,153129
Frame_268.png -462,5211 5,587446 -180,3715 0,2599731 0,3240519 1,153129
Frame_269.png -462,5211 5,587446 -180,3715 0,2599731 0,3240519 1,153129
Frame_270.png -462,5211 5,587446 -180,3715 0,2599731 0,3240519 1,153129
Frame_271.png -462,5211 5,587446 -180,3715 0,2599731 0,3240519 1,153129
Frame_272.png -462,5211 5,587446 -180,3715 0,2599731 0,3240519 1,153129
Frame_273.png -462,5211 5,587446 -180,3715 0,2599731 0,3240519 1,153129
Frame_274.png -462,5211 5,587446 -180,3715 0,2599731 0,3240519 1,153129
Frame_275.png -462,5211 5,587446 -180,3715 0,2599731 0,3240519 1,153129
Frame_276.png -462,5211 5,587446 -180,3715 0,2599731 0,3240519 1,153129
Frame_277.png -462,5211 5,587446 -180,3715 0,2599731 0,3240519 1,153129
