Frame_0.png -153,8186 -293,5024 -317,4322 0,5657504 0,08496258 2,644414
Frame_1.png -151,8114 -294,0921 -318,1216 0,5672114 0,08394753 2,651467
Frame_2.png -149,9003 -294,643 -318,7775 0,5686007 0,08298141 2,658171
Frame_3.png -148,0298 -295,1724 -319,419 0,5699588 0,0820353 2,664718
Frame_4.png -146,1676 -295,6913 -320,0572 0,5713042 0,08109355 2,671223
Frame_5.png -144,3078 -296,2006 -320,6941 0,5726451 0,08015253 2,677708
Frame_6.png -142,5196 -296,6809 -321,3059 0,5739383 0,07924835 2,683936
Frame_7.png -140,6233 -297,1842 -321,9542 0,5752963 0,07828917 2,690523
Frame_8.png -138,8945 -297,6351 -322,5447 0,5765364 0,07741487 2,696521
Frame_9.png -137,199 -298,0697 -323,1234 0,5777537 0,07655777 2,702396
Frame_10.png -135,567 -298,4844 -323,6798 0,5789146 0,07573254 2,708038
Frame_11.png -133,9522 -298,8876 -324,2299 0,5800681 0,0749173 2,713616
Frame_12.png -132,3426 -299,2852 -324,7777 0,5812123 0,0741046 2,719166
Frame_13.png -130,4019 -299,759 -325,4375 0,5825876 0,07312531 2,725848
Frame_14.png -128,8681 -300,1258 -325,9586 0,5836795 0,07235195 2,731122
Frame_15.png -127,3645 -300,4855 -326,4686 0,5847375 0,07159498 2,736284
Frame_16.png -125,8808 -300,8326 -326,9717 0,5857907 0,07084773 2,741372
Frame_17.png -124,4431 -301,1704 -327,4583 0,5867985 0,0701259 2,746296
Frame_18.png -122,9843 -301,5057 -327,9519 0,5878299 0,06939282 2,751288
Frame_19.png -121,5074 -301,8466 -328,4507 0,5888622 0,06865306 2,756332
Frame_20.png -120,0741 -302,1717 -328,9345 0,5898713 0,06793472 2,761226
Frame_21.png -118,7022 -302,4833 -329,3968 0,590828 0,06724929 2,7659
Frame_22.png -117,3205 -302,7932 -329,862 0,5917955 0,06655946 2,770604
Frame_23.png -115,9845 -303,094 -330,311 0,592724 0,06589471 2,775147
Frame_24.png -114,6818 -303,3815 -330,7488 0,5936371 0,0652462 2,779575
Frame_25.png -113,4211 -303,6646 -331,1712 0,5945085 0,06462225 2,783852
Frame_26.png -112,1745 -303,9386 -331,5889 0,5953774 0,06400432 2,788078
Frame_27.png -110,9737 -304,2065 -331,9902 0,5962077 0,0634124 2,792146
Frame_28.png -109,7915 -304,4673 -332,3851 0,5970266 0,06283046 2,796145
Frame_29.png -108,6219 -304,7264 -332,7751 0,5978352 0,0622562 2,8001
Frame_30.png -107,4776 -304,9814 -333,156 0,598622 0,06169651 2,803962
Frame_31.png -106,3338 -305,2316 -333,5366 0,5994154 0,06113679 2,807823
Frame_32.png -105,2407 -305,4783 -333,8991 0,6001636 0,06060662 2,811508
Frame_33.png -104,1191 -305,7282 -334,2708 0,6009342 0,06006309 2,815283
Frame_34.png -103,03 -305,9713 -334,6311 0,6016829 0,05953661 2,818947
Frame_35.png -102,0146 -306,204 -334,966 0,602375 0,05905031 2,822362
Frame_36.png -100,9962 -306,4332 -335,3019 0,6030732 0,05856169 2,82578
Frame_37.png -100,0012 -306,6596 -335,6294 0,6037542 0,05808711 2,82912
Frame_38.png -99,02128 -306,8888 -335,9507 0,6044188 0,0576236 2,832405
Frame_39.png -98,0518 -307,1121 -336,2686 0,605081 0,05716479 2,835652
Frame_40.png -97,10121 -307,3352 -336,5795 0,6057277 0,05671873 2,838833
Frame_41.png -96,18237 -307,5573 -336,8788 0,606348 0,05629182 2,841906
Frame_42.png -95,26716 -307,7753 -337,1771 0,6069698 0,05586614 2,844963
Frame_43.png -94,36182 -307,9918 -337,4715 0,6075851 0,05544655 2,847985
Frame_44.png -93,50776 -308,2086 -337,7475 0,6081576 0,05505822 2,850834
Frame_45.png -92,66926 -308,4189 -338,0184 0,6087228 0,05467724 2,853627
Frame_46.png -91,70798 -308,6567 -338,3291 0,6093742 0,05424011 2,856828
Frame_47.png -90,89553 -308,8708 -338,5897 0,6099179 0,05387819 2,859529
Frame_48.png -90,08538 -309,088 -338,8487 0,6104588 0,0535208 2,862221
Frame_49.png -89,28667 -309,2997 -339,1042 0,6109948 0,05316814 2,864873
Frame_50.png -88,48973 -309,5086 -339,3591 0,6115323 0,05281613 2,867516
Frame_51.png -87,75845 -309,7197 -339,5903 0,612017 0,05250476 2,86994
Frame_52.png -87,02775 -309,9316 -339,8209 0,6125022 0,05219526 2,872361
Frame_53.png -86,31313 -310,1367 -340,0465 0,6129781 0,0518926 2,874724
Frame_54.png -85,58796 -310,343 -340,2755 0,6134639 0,051585 2,877123
Frame_55.png -84,9156 -310,5504 -340,4854 0,6139079 0,05131065 2,879342
Frame_56.png -84,25832 -310,7615 -340,6893 0,6143402 0,05104679 2,881511
Frame_57.png -83,60528 -310,9693 -340,892 0,614771 0,05078492 2,883663
Frame_58.png -82,95901 -311,1735 -341,0925 0,6151986 0,05052598 2,88579
Frame_59.png -82,31152 -311,3795 -341,2931 0,6156284 0,05026789 2,887921
Frame_60.png -81,73893 -311,5907 -341,4664 0,6159999 0,05005831 2,889803
Frame_61.png -81,15578 -311,8044 -341,6429 0,6163794 0,04984404 2,891718
Frame_62.png -80,58047 -312,0139 -341,8171 0,6167552 0,04963297 2,893606
Frame_63.png -80,01078 -312,2201 -341,9895 0,6171289 0,04942384 2,895474
Frame_64.png -79,43974 -312,4252 -342,1625 0,6175038 0,04921407 2,897342
Frame_65.png -78,77746 -312,6968 -342,3582 0,6179321 0,04899273 2,899508
Frame_66.png -78,28185 -312,9161 -342,5023 0,6182501 0,04883746 2,901127
Frame_67.png -77,8022 -313,1272 -342,6418 0,6185584 0,04868673 2,902691
Frame_68.png -77,31814 -313,3392 -342,7827 0,61887 0,04853501 2,904268
Frame_69.png -76,82631 -313,5537 -342,9257 0,6191877 0,04838157 2,90587
Frame_70.png -76,3404 -313,7646 -343,0671 0,619502 0,04822943 2,907449
Frame_71.png -75,88567 -313,9782 -343,1971 0,6197943 0,04809813 2,908926
Frame_72.png -75,50365 -314,2022 -343,2998 0,6200337 0,04801579 2,910165
Frame_73.png -75,12479 -314,4233 -343,4018 0,6202713 0,04793509 2,911391
Frame_74.png -74,74522 -314,6444 -343,5038 0,6205095 0,04785443 2,912618
Frame_75.png -74,34968 -314,8739 -343,6103 0,6207582 0,04776987 2,913896
Frame_76.png -73,96339 -315,0974 -343,7143 0,6210017 0,04768765 2,915143
Frame_77.png -73,55198 -315,3343 -343,825 0,6212602 0,04759982 2,916467
Frame_78.png -73,10494 -315,591 -343,9453 0,6215429 0,04750476 2,917906
Frame_79.png -72,73521 -315,8264 -344,0413 0,6217753 0,04744262 2,919094
Frame_80.png -72,68624 -316,1271 -344,0137 0,6217891 0,0476221 2,919233
Frame_81.png -72,6372 -316,4264 -343,9862 0,6218027 0,04780042 2,919371
Frame_82.png -72,58711 -316,7324 -343,958 0,6218168 0,04798285 2,919514
Frame_83.png -72,53704 -317,0369 -343,9299 0,6218314 0,04816441 2,919658
Frame_84.png -72,4892 -317,3283 -343,903 0,6218448 0,04833785 2,919792
Frame_85.png -72,44209 -317,614 -343,8766 0,6218582 0,04850818 2,919926
Frame_86.png -72,39499 -317,8983 -343,8503 0,6218705 0,04867788 2,920056
Frame_87.png -72,3447 -318,2024 -343,8221 0,6218849 0,04885918 2,920199
Frame_88.png -72,29815 -318,4835 -343,7959 0,621898 0,04902628 2,92033
Frame_89.png -72,25132 -318,7656 -343,7696 0,6219109 0,04919471 2,920462
Frame_90.png -72,20408 -319,049 -343,7431 0,6219233 0,04936368 2,920592
Frame_91.png -72,15678 -319,3327 -343,7166 0,6219363 0,04953361 2,920724
Frame_92.png -72,10921 -319,6172 -343,69 0,6219496 0,04970313 2,920857
Frame_93.png -72,0609 -319,9058 -343,6629 0,6219623 0,04987497 2,92099
Frame_94.png -72,01324 -320,1904 -343,6362 0,6219754 0,05004474 2,921124
Frame_95.png -71,96533 -320,4751 -343,6095 0,6219883 0,05021498 2,921256
Frame_96.png -71,90945 -320,8071 -343,5782 0,6220025 0,05041357 2,921408
Frame_97.png -71,85937 -321,1048 -343,5501 0,6220167 0,05059079 2,921549
